15.00000  0.000  0.000
15.16428  1.000  1.002
15.33098  2.000  2.998
15.33219  3.000  3.020
15.50010  4.000  6.994
15.50131  5.000  7.030
15.50252  6.000  7.072
15.50372  7.000  7.121
15.67284  8.000 14.942
15.67405  9.000 15.004
15.67526 10.000 15.074
15.67647 11.000 15.150
15.67768 12.000 15.233
15.67888 13.000 15.321
15.68009 14.000 15.418
15.68130 15.000 15.520
15.85163 16.000 30.745
15.85284 17.000 30.859
15.85404 18.000 30.979
15.85525 19.000 31.010
15.85646 20.000 31.030
15.85767 21.000 31.043
15.85888 22.000 31.053
15.86008 23.000 31.061
15.86129 24.000 31.066
15.86250 25.000 31.071
15.86371 26.000 31.074
15.86492 27.000 31.077
15.86612 28.000 31.080
15.86733 29.000 31.082
15.86854 30.000 31.084
15.86975 31.000 31.085
16.04128 32.000 31.285
16.04249 33.000 31.286
16.04370 34.000 31.287
16.04491 35.000 31.288
16.04612 36.000 31.289
16.04976 39.000 31.293
16.24183 57.000 49.800
16.45283 57.000 70.190
16.58612 58.000 71.192
16.71940 59.000 73.197
16.85269 61.000 76.203
16.85510 63.000 76.274
16.98597 65.000 81.194
16.98839 67.000 81.302
16.99080 69.000 81.426
17.11925 71.000 89.153
17.12167 73.000 89.315
17.12409 75.000 89.477
17.12650 77.000 89.641
17.12892 79.000 89.805
17.25375 81.000 98.597
17.25616 83.000 98.768
17.25858 85.000 98.943
17.26099 87.000 99.118
17.26340 89.000 99.295
17.38701 91.000 108.547
17.39064 94.000 108.822
17.39184 95.000 108.913
17.39305 96.000 109.007
17.39426 97.000 109.101
17.39547 98.000 109.196
17.39668 99.000 109.292
17.51907 100.000 119.081
17.52028 101.000 119.179
17.52149 102.000 119.276
17.52270 103.000 119.374
17.52391 104.000 119.472
17.52511 105.000 119.569
17.52632 106.000 119.671
17.52753 107.000 119.774
17.52874 108.000 119.877
17.52995 109.000 119.982
17.65234 110.000 130.604
17.65355 111.000 130.710
17.65476 112.000 130.816
17.65596 113.000 130.923
17.65717 114.000 131.030
17.65838 115.000 131.138
17.65959 116.000 131.247
17.66080 117.000 131.356
17.66200 118.000 131.466
17.66321 119.000 131.577
17.66442 120.000 131.689
17.78560 121.000 143.044
17.78681 122.000 143.158
17.78802 123.000 143.273
17.78923 124.000 143.389
17.79044 125.000 143.505
17.79164 126.000 143.621
17.79285 127.000 143.738
17.79406 128.000 143.855
17.79527 129.000 143.973
17.79648 130.000 144.092
17.79768 131.000 144.211
17.79889 132.000 144.331
17.91887 133.000 156.414
17.92008 134.000 156.537
17.92128 135.000 156.659
17.92249 136.000 156.783
17.92370 137.000 156.907
17.92491 138.000 157.032
17.92612 139.000 157.158
17.92732 140.000 157.283
17.92853 141.000 157.409
17.92974 142.000 157.536
17.93095 143.000 157.664
17.93216 144.000 157.792
17.93336 145.000 157.919
18.05278 146.000 170.694
18.05399 147.000 170.824
18.05520 148.000 170.955
18.05641 149.000 171.086
18.05761 150.000 171.217
18.05882 151.000 171.349
18.06003 152.000 171.482
18.06124 153.000 171.616
18.06245 154.000 171.751
18.06365 155.000 171.884
18.06486 156.000 172.018
18.06607 157.000 172.153
18.06728 158.000 172.289
18.06849 159.000 172.425
18.18725 160.000 185.969
18.18846 161.000 186.108
18.18967 162.000 186.247
18.19088 163.000 186.387
18.19209 164.000 186.527
18.19329 165.000 186.667
18.19450 166.000 186.809
18.19571 167.000 186.951
18.19692 168.000 187.093
18.19813 169.000 187.236
18.19933 170.000 187.377
18.20054 171.000 187.519
18.20175 172.000 187.662
18.20296 173.000 187.805
18.20417 174.000 187.949
18.32173 175.000 202.193
18.32293 176.000 202.339
18.32414 177.000 202.487
18.32535 178.000 202.635
18.32656 179.000 202.784
18.32777 180.000 202.933
18.32897 181.000 203.082
18.33018 182.000 203.233
18.33139 183.000 203.384
18.33260 184.000 203.535
18.33381 185.000 203.687
18.33501 186.000 203.839
18.33622 187.000 203.989
18.33743 188.000 204.141
18.33864 189.000 204.293
18.33985 190.000 204.445
18.45620 191.000 219.374
18.45741 192.000 219.530
18.45862 193.000 219.687
18.45982 194.000 219.842
18.46103 195.000 219.999
18.46224 196.000 220.157
18.46345 197.000 220.316
18.46466 198.000 220.475
18.46586 199.000 220.633
18.46707 200.000 220.793
18.46828 201.000 220.953
18.46949 202.000 221.114
18.47070 203.000 221.276
18.47190 204.000 221.434
18.47311 205.000 221.594
18.47432 206.000 221.754
18.47553 207.000 221.915
18.59067 208.000 237.518
18.59188 209.000 237.682
18.59309 210.000 237.847
18.59430 211.000 238.013
18.59550 212.000 238.177
18.59671 213.000 238.344
18.59792 214.000 238.511
18.59913 215.000 238.678
18.60034 216.000 238.846
18.60154 217.000 239.013
18.60275 218.000 239.182
18.60396 219.000 239.351
18.60517 220.000 239.521
18.60638 221.000 239.691
18.60758 222.000 239.861
18.60879 223.000 240.029
18.61000 224.000 240.199
18.61121 225.000 240.368
18.72515 226.000 256.630
18.72635 227.000 256.802
18.72756 228.000 256.976
18.72877 229.000 257.150
18.72998 230.000 257.324
18.73119 231.000 257.499
18.73239 232.000 257.673
18.73360 233.000 257.849
18.73481 234.000 258.026
18.73602 235.000 258.203
18.73723 236.000 258.380
18.73843 237.000 258.556
18.73964 238.000 258.735
18.74085 239.000 258.913
18.74206 240.000 259.093
18.74327 241.000 259.272
18.74447 242.000 259.448
18.74568 243.000 259.626
18.74689 244.000 259.805
18.85962 245.000 276.710
18.86083 246.000 276.892
18.86203 247.000 277.073
18.86324 248.000 277.255
18.86445 249.000 277.439
18.86566 250.000 277.622
18.86687 251.000 277.806
18.86807 252.000 277.989
18.86928 253.000 278.174
18.87049 254.000 278.360
18.87170 255.000 278.546
18.87291 256.000 278.732
18.87411 257.000 278.917
18.87532 258.000 279.105
18.87653 259.000 279.292
18.87774 260.000 279.480
18.87895 261.000 279.669
18.88015 262.000 279.856
18.88136 263.000 280.043
18.88257 264.000 280.230
18.99409 265.000 297.763
18.99530 266.000 297.954
18.99651 267.000 298.145
18.99771 268.000 298.335
18.99892 269.000 298.527
19.00013 270.000 298.720
19.00134 271.000 298.912
19.00255 272.000 299.106
19.00375 273.000 299.298
19.00496 274.000 299.492
19.00617 275.000 299.686
19.00738 276.000 299.881
19.00859 277.000 300.076
19.00979 278.000 300.270
19.01100 279.000 300.467
19.01221 280.000 300.663
19.01342 281.000 300.860
19.01463 282.000 301.058
19.01583 283.000 301.254
19.01704 284.000 301.449
19.01825 285.000 301.645
19.12939 286.000 319.792
19.13059 287.000 319.988
19.13180 288.000 320.187
19.13301 289.000 320.385
19.13422 290.000 320.585
19.13543 291.000 320.784
19.13663 292.000 320.983
19.13784 293.000 321.183
19.13905 294.000 321.384
19.14026 295.000 321.585
19.14147 296.000 321.787
19.14267 297.000 321.987
19.14388 298.000 322.189
19.14509 299.000 322.392
19.14630 300.000 322.595
19.14751 301.000 322.799
19.14871 302.000 323.001
19.14992 303.000 323.205
19.15113 304.000 323.410
19.15234 305.000 323.615
19.15355 306.000 323.821
19.15475 307.000 324.022
19.26710 308.000 342.764
19.26831 309.000 342.966
19.26951 310.000 343.167
19.27072 311.000 343.370
19.27193 312.000 343.573
19.27314 313.000 343.777
19.27435 314.000 343.981
19.27555 315.000 344.184
19.27676 316.000 344.389
19.27797 317.000 344.594
19.27918 318.000 344.799
19.28039 319.000 345.005
19.28159 320.000 345.210
19.28280 321.000 345.417
19.28401 322.000 345.624
19.28522 323.000 345.831
19.28643 324.000 346.039
19.28763 325.000 346.246
19.28884 326.000 346.454
19.29005 327.000 346.663
19.29126 328.000 346.873
19.29247 329.000 347.082
19.29367 330.000 347.289
19.40723 331.000 366.757
19.40843 332.000 366.963
19.40964 333.000 367.171
19.41085 334.000 367.379
19.41206 335.000 367.588
19.41327 336.000 367.797
19.41447 337.000 368.005
19.41568 338.000 368.215
19.41689 339.000 368.426
19.41810 340.000 368.636
19.41931 341.000 368.847
19.42051 342.000 369.057
19.42172 343.000 369.268
19.42293 344.000 369.481
19.42414 345.000 369.693
19.42535 346.000 369.906
19.42655 347.000 370.117
19.42776 348.000 370.331
19.42897 349.000 370.544
19.43018 350.000 370.759
19.43139 351.000 370.973
19.43259 352.000 371.186
19.43380 353.000 371.401
19.54856 354.000 391.700
19.54977 355.000 391.911
19.55098 356.000 392.123
19.55219 357.000 392.335
19.55339 358.000 392.546
19.55460 359.000 392.758
19.55581 360.000 392.972
19.55702 361.000 393.185
19.55823 362.000 393.399
19.55943 363.000 393.611
19.56064 364.000 393.825
19.56185 365.000 394.040
19.56306 366.000 394.255
19.56427 367.000 394.471
19.56547 368.000 394.685
19.56668 369.000 394.901
19.56789 370.000 395.117
19.56910 371.000 395.334
19.57031 372.000 395.551
19.57151 373.000 395.766
19.57272 374.000 395.984
19.57393 375.000 396.202
19.57514 376.000 396.421
19.57635 377.000 396.639
19.69231 378.000 417.485
19.69352 379.000 417.702
19.69473 380.000 417.919
19.69594 381.000 418.136
19.69715 382.000 418.353
19.69835 383.000 418.569
19.69956 384.000 418.787
19.70077 385.000 419.005
19.70198 386.000 419.224
19.70319 387.000 419.443
19.70439 388.000 419.660
19.70560 389.000 419.880
19.70681 390.000 420.100
19.70802 391.000 420.320
19.70923 392.000 420.540
19.71043 393.000 420.759
19.71164 394.000 420.980
19.71285 395.000 421.202
19.71406 396.000 421.424
19.71527 397.000 421.646
19.71647 398.000 421.866
19.71768 399.000 422.089
19.71889 400.000 422.312
19.72010 401.000 422.535
19.72131 402.000 422.759
19.83848 403.000 444.295
19.83969 404.000 444.517
19.84090 405.000 444.740
19.84211 406.000 444.962
19.84331 407.000 445.183
19.84452 408.000 445.405
19.84573 409.000 445.628
19.84694 410.000 445.851
19.84815 411.000 446.074
19.84935 412.000 446.296
19.85056 413.000 446.520
19.85177 414.000 446.744
19.85298 415.000 446.968
19.85419 416.000 447.193
19.85539 417.000 447.417
19.85660 418.000 447.642
19.85781 419.000 447.868
19.85902 420.000 448.094
19.86023 421.000 448.320
19.86143 422.000 448.545
19.86264 423.000 448.772
19.86385 424.000 448.999
19.86506 425.000 449.227
19.86627 426.000 449.454
19.86747 427.000 449.681
19.86868 428.000 449.909
19.98707 429.000 471.988
19.98827 430.000 472.212
19.98948 431.000 472.438
19.99069 432.000 472.665
19.99190 433.000 472.891
19.99311 434.000 473.117
19.99431 435.000 473.341
19.99552 436.000 473.567
19.99673 437.000 473.794
19.99794 438.000 474.020
19.99915 439.000 474.247
20.00035 440.000 474.473
20.00156 441.000 474.700
20.00277 442.000 474.928
20.00398 443.000 475.157
20.00519 444.000 475.385
20.00639 445.000 475.612
20.00760 446.000 475.841
20.00881 447.000 476.070
20.01002 448.000 476.300
20.01123 449.000 476.530
20.01243 450.000 476.758
20.01364 451.000 476.988
20.01485 452.000 477.219
20.01606 453.000 477.450
20.01727 454.000 477.681
20.01847 455.000 477.911
20.13807 456.000 500.677
20.13927 457.000 500.906
20.14048 458.000 501.137
20.14169 459.000 501.368
20.14290 460.000 501.599
20.14411 461.000 501.831
20.14531 462.000 502.060
20.14652 463.000 502.290
20.14773 464.000 502.521
20.14894 465.000 502.753
20.15015 466.000 502.984
20.15135 467.000 503.214
20.15256 468.000 503.446
20.15377 469.000 503.679
20.15498 470.000 503.911
20.15619 471.000 504.144
20.15739 472.000 504.375
20.15860 473.000 504.609
20.15981 474.000 504.843
20.16102 475.000 505.077
20.16223 476.000 505.311
20.16343 477.000 505.544
20.16464 478.000 505.778
20.16585 479.000 506.013
20.16706 480.000 506.249
20.16827 481.000 506.484
20.16947 482.000 506.718
20.17068 483.000 506.955
20.29148 484.000 530.406
20.29269 485.000 530.641
20.29390 486.000 530.876
20.29511 487.000 531.112
20.29631 488.000 531.346
20.29752 489.000 531.582
20.29873 490.000 531.819
20.29994 491.000 532.055
20.30115 492.000 532.289
20.30235 493.000 532.522
20.30356 494.000 532.756
20.30477 495.000 532.991
20.30598 496.000 533.226
20.30719 497.000 533.461
20.30839 498.000 533.695
20.30960 499.000 533.930
20.31081 500.000 534.166
20.31202 501.000 534.403
20.31323 502.000 534.639
20.31443 503.000 534.874
20.31564 504.000 535.111
20.31685 505.000 535.349
20.31806 506.000 535.586
20.31927 507.000 535.824
20.32047 508.000 536.060
20.32168 509.000 536.298
20.32289 510.000 536.537
20.32410 511.000 536.776
20.32531 512.000 537.015
20.44731 513.000 560.995
20.44852 514.000 561.233
20.44973 515.000 561.472
20.45094 516.000 561.710
20.45215 517.000 561.949
20.45335 518.000 562.186
20.45456 519.000 562.425
20.45577 520.000 562.665
20.45698 521.000 562.905
20.45819 522.000 563.143
20.45939 523.000 563.380
20.46060 524.000 563.619
20.46181 525.000 563.859
20.46302 526.000 564.098
20.46423 527.000 564.338
20.46543 528.000 564.576
20.46664 529.000 564.816
20.46785 530.000 565.057
20.46906 531.000 565.298
20.47027 532.000 565.539
20.47147 533.000 565.778
20.47268 534.000 566.020
20.47389 535.000 566.262
20.47510 536.000 566.504
20.47631 537.000 566.746
20.47751 538.000 566.986
20.47872 539.000 567.229
20.47993 540.000 567.472
20.48114 541.000 567.715
20.48235 542.000 567.959
20.60556 543.000 592.622
20.60677 544.000 592.864
20.60798 545.000 593.107
20.60919 546.000 593.350
20.61039 547.000 593.591
20.61160 548.000 593.835
20.61281 549.000 594.078
20.61402 550.000 594.322
20.61523 551.000 594.566
20.61643 552.000 594.809
20.61764 553.000 595.053
20.61885 554.000 595.297
20.62006 555.000 595.540
20.62127 556.000 595.784
20.62247 557.000 596.026
20.62368 558.000 596.270
20.62489 559.000 596.515
20.62610 560.000 596.759
20.62731 561.000 597.004
20.62851 562.000 597.248
20.62972 563.000 597.493
20.63093 564.000 597.739
20.63214 565.000 597.985
20.63335 566.000 598.231
20.63455 567.000 598.475
20.63576 568.000 598.722
20.63697 569.000 598.969
20.63818 570.000 599.216
20.63939 571.000 599.463
20.64059 572.000 599.709
20.64180 573.000 599.956
20.76623 574.000 625.146
20.76743 575.000 625.389
20.76864 576.000 625.635
20.76985 577.000 625.880
20.77106 578.000 626.126
20.77227 579.000 626.372
20.77347 580.000 626.617
20.77468 581.000 626.863
20.77589 582.000 627.110
20.77710 583.000 627.357
20.77831 584.000 627.604
20.77951 585.000 627.850
20.78072 586.000 628.096
20.78193 587.000 628.342
20.78314 588.000 628.589
20.78435 589.000 628.836
20.78555 590.000 629.081
20.78676 591.000 629.328
20.78797 592.000 629.576
20.78918 593.000 629.823
20.79039 594.000 630.071
20.79159 595.000 630.318
20.79280 596.000 630.566
20.79401 597.000 630.815
20.79522 598.000 631.064
20.79643 599.000 631.313
20.79763 600.000 631.560
20.79884 601.000 631.809
20.80005 602.000 632.059
20.80126 603.000 632.309
20.80247 604.000 632.559
20.80367 605.000 632.808
20.92931 606.000 658.677
20.93051 607.000 658.924
20.93172 608.000 659.173
20.93293 609.000 659.423
20.93414 610.000 659.673
20.93535 611.000 659.923
20.93655 612.000 660.172
20.93776 613.000 660.423
20.93897 614.000 660.673
20.94018 615.000 660.925
20.94139 616.000 661.176
20.94259 617.000 661.425
20.94380 618.000 661.677
20.94501 619.000 661.929
20.94622 620.000 662.180
20.94743 621.000 662.431
20.94863 622.000 662.680
20.94984 623.000 662.931
20.95105 624.000 663.183
20.95226 625.000 663.434
20.95347 626.000 663.686
20.95467 627.000 663.936
20.95588 628.000 664.189
20.95709 629.000 664.441
20.95830 630.000 664.694
20.95951 631.000 664.947
20.96071 632.000 665.198
20.96192 633.000 665.452
20.96313 634.000 665.706
20.96434 635.000 665.960
20.96555 636.000 666.214
20.96675 637.000 666.466
20.96796 638.000 666.720
21.09480 639.000 693.265
21.09601 640.000 693.518
21.09722 641.000 693.772
21.09843 642.000 694.026
21.09963 643.000 694.278
21.10084 644.000 694.532
21.10205 645.000 694.786
21.10326 646.000 695.041
21.10447 647.000 695.296
21.10567 648.000 695.549
21.10688 649.000 695.804
21.10809 650.000 696.060
21.10930 651.000 696.316
21.11051 652.000 696.572
21.11171 653.000 696.826
21.11292 654.000 697.079
21.11413 655.000 697.332
21.11534 656.000 697.586
21.11655 657.000 697.840
21.11775 658.000 698.092
21.11896 659.000 698.347
21.12017 660.000 698.601
21.12138 661.000 698.856
21.12259 662.000 699.111
21.12379 663.000 699.364
21.12500 664.000 699.619
21.12621 665.000 699.875
21.12742 666.000 700.131
21.12863 667.000 700.387
21.12983 668.000 700.641
21.13104 669.000 700.897
21.13225 670.000 701.154
21.13346 671.000 701.411
21.13467 672.000 701.668
21.26271 673.000 728.725
21.26392 674.000 728.981
21.26513 675.000 729.237
21.26634 676.000 729.494
21.26755 677.000 729.750
21.26875 678.000 730.005
21.26996 679.000 730.262
21.27117 680.000 730.519
21.27238 681.000 730.776
21.27359 682.000 731.033
21.27479 683.000 731.289
21.27600 684.000 731.547
21.27721 685.000 731.805
21.27842 686.000 732.063
21.27963 687.000 732.322
21.28083 688.000 732.579
21.28204 689.000 732.837
21.28325 690.000 733.095
21.28446 691.000 733.353
21.28567 692.000 733.611
21.28687 693.000 733.867
21.28808 694.000 734.125
21.28929 695.000 734.384
21.29050 696.000 734.643
21.29171 697.000 734.902
21.29291 698.000 735.159
21.29412 699.000 735.418
21.29533 700.000 735.678
21.29654 701.000 735.937
21.29775 702.000 736.197
21.29895 703.000 736.455
21.30016 704.000 736.716
21.30137 705.000 736.976
21.30258 706.000 737.237
21.30379 707.000 737.498
21.43304 708.000 765.230
21.43425 709.000 765.490
21.43546 710.000 765.750
21.43667 711.000 766.010
21.43787 712.000 766.268
21.43908 713.000 766.529
21.44029 714.000 766.789
21.44150 715.000 767.050
21.44271 716.000 767.311
21.44391 717.000 767.571
21.44512 718.000 767.832
21.44633 719.000 768.094
21.44754 720.000 768.356
21.44875 721.000 768.618
21.44995 722.000 768.878
21.45116 723.000 769.141
21.45237 724.000 769.403
21.45358 725.000 769.666
21.45479 726.000 769.926
21.45599 727.000 770.185
21.45720 728.000 770.445
21.45841 729.000 770.706
21.45962 730.000 770.966
21.46083 731.000 771.227
21.46203 732.000 771.486
21.46324 733.000 771.748
21.46445 734.000 772.009
21.46566 735.000 772.271
21.46687 736.000 772.533
21.46807 737.000 772.793
21.46928 738.000 773.055
21.47049 739.000 773.318
21.47170 740.000 773.581
21.47291 741.000 773.843
21.47411 742.000 774.104
21.47532 743.000 774.368
21.60579 744.000 802.610
21.60699 745.000 802.870
21.60820 746.000 803.132
21.60941 747.000 803.395
21.61062 748.000 803.658
21.61183 749.000 803.920
21.61303 750.000 804.181
21.61424 751.000 804.445
21.61545 752.000 804.708
21.61666 753.000 804.972
21.61787 754.000 805.235
21.61907 755.000 805.497
21.62028 756.000 805.761
21.62149 757.000 806.026
21.62270 758.000 806.290
21.62391 759.000 806.555
21.62511 760.000 806.818
21.62632 761.000 807.083
21.62753 762.000 807.348
21.62874 763.000 807.613
21.62995 764.000 807.878
21.63115 765.000 808.140
21.63236 766.000 808.404
21.63357 767.000 808.669
21.63478 768.000 808.934
21.63599 769.000 809.199
21.63719 770.000 809.462
21.63840 771.000 809.727
21.63961 772.000 809.993
21.64082 773.000 810.258
21.64203 774.000 810.524
21.64323 775.000 810.788
21.64444 776.000 811.055
21.64565 777.000 811.321
21.64686 778.000 811.588
21.64807 779.000 811.855
21.64927 780.000 812.119
21.78095 781.000 841.032
21.78215 782.000 841.296
21.78336 783.000 841.562
21.78457 784.000 841.828
21.78578 785.000 842.095
21.78699 786.000 842.361
21.78819 787.000 842.626
21.78940 788.000 842.893
21.79061 789.000 843.160
21.79182 790.000 843.427
21.79303 791.000 843.695
21.79423 792.000 843.960
21.79544 793.000 844.228
21.79665 794.000 844.496
21.79786 795.000 844.764
21.79907 796.000 845.033
21.80027 797.000 845.299
21.80148 798.000 845.568
21.80269 799.000 845.837
21.80390 800.000 846.106
21.80511 801.000 846.375
21.80631 802.000 846.641
21.80752 803.000 846.909
21.80873 804.000 847.177
21.80994 805.000 847.445
21.81115 806.000 847.714
21.81235 807.000 847.980
21.81356 808.000 848.249
21.81477 809.000 848.519
21.81598 810.000 848.788
21.81719 811.000 849.057
21.81839 812.000 849.325
21.81960 813.000 849.595
21.82081 814.000 849.865
21.82202 815.000 850.135
21.82323 816.000 850.405
21.82443 817.000 850.674
21.82564 818.000 850.944
21.95852 819.000 880.358
21.95973 820.000 880.626
21.96094 821.000 880.895
21.96215 822.000 881.163
21.96335 823.000 881.429
21.96456 824.000 881.698
21.96577 825.000 881.967
21.96698 826.000 882.236
21.96819 827.000 882.505
21.96939 828.000 882.772
21.97060 829.000 883.042
21.97181 830.000 883.312
21.97302 831.000 883.582
21.97423 832.000 883.852
21.97543 833.000 884.120
21.97664 834.000 884.390
21.97785 835.000 884.661
21.97906 836.000 884.931
21.98027 837.000 885.202
21.98147 838.000 885.471
21.98268 839.000 885.742
21.98389 840.000 886.014
21.98510 841.000 886.286
21.98631 842.000 886.556
21.98751 843.000 886.824
21.98872 844.000 887.095
21.98993 845.000 887.365
21.99114 846.000 887.636
21.99235 847.000 887.907
21.99355 848.000 888.176
21.99476 849.000 888.448
21.99597 850.000 888.720
21.99718 851.000 888.991
21.99839 852.000 889.263
21.99959 853.000 889.533
22.00080 854.000 889.805
22.00201 855.000 890.078
22.00322 856.000 890.350
22.00443 857.000 890.623
22.13851 858.000 920.702
22.13972 859.000 920.973
22.14093 860.000 921.245
22.14214 861.000 921.517
22.14335 862.000 921.789
22.14455 863.000 922.059
22.14576 864.000 922.332
22.14697 865.000 922.604
22.14818 866.000 922.877
22.14939 867.000 923.150
22.15059 868.000 923.421
22.15180 869.000 923.694
22.15301 870.000 923.968
22.15422 871.000 924.241
22.15543 872.000 924.515
22.15663 873.000 924.787
22.15784 874.000 925.061
22.15905 875.000 925.335
22.16026 876.000 925.609
22.16147 877.000 925.884
22.16267 878.000 926.156
22.16388 879.000 926.431
22.16509 880.000 926.706
22.16630 881.000 926.982
22.16751 882.000 927.256
22.16871 883.000 927.527
22.16992 884.000 927.802
22.17113 885.000 928.076
22.17234 886.000 928.350
22.17355 887.000 928.625
22.17475 888.000 928.898
22.17596 889.000 929.173
22.17717 890.000 929.448
22.17838 891.000 929.723
22.17959 892.000 929.999
22.18079 893.000 930.272
22.18200 894.000 930.548
22.18321 895.000 930.824
22.18442 896.000 931.100
22.18563 897.000 931.377
22.32092 898.000 962.121
22.32213 899.000 962.396
22.32334 900.000 962.671
22.32455 901.000 962.947
22.32575 902.000 963.220
22.32696 903.000 963.496
22.32817 904.000 963.772
22.32938 905.000 964.048
22.33059 906.000 964.324
22.33179 907.000 964.598
22.33300 908.000 964.875
22.33421 909.000 965.152
22.33542 910.000 965.428
22.33663 911.000 965.705
22.33783 912.000 965.980
22.33904 913.000 966.258
22.34025 914.000 966.535
22.34146 915.000 966.813
22.34267 916.000 967.091
22.34387 917.000 967.367
22.34508 918.000 967.645
22.34629 919.000 967.923
22.34750 920.000 968.201
22.34871 921.000 968.480
22.34991 922.000 968.757
22.35112 923.000 969.036
22.35233 924.000 969.312
22.35354 925.000 969.588
22.35475 926.000 969.864
22.35595 927.000 970.139
22.35716 928.000 970.415
22.35837 929.000 970.692
22.35958 930.000 970.969
22.36079 931.000 971.246
22.36199 932.000 971.521
22.36320 933.000 971.799
22.36441 934.000 972.076
22.36562 935.000 972.354
22.36683 936.000 972.632
22.36803 937.000 972.908
22.36924 938.000 973.186
22.50575 939.000 1004.428
22.50695 940.000 1004.703
22.50816 941.000 1004.980
22.50937 942.000 1005.257
22.51058 943.000 1005.535
22.51179 944.000 1005.813
22.51299 945.000 1006.088
22.51420 946.000 1006.366
22.51541 947.000 1006.644
22.51662 948.000 1006.923
22.51783 949.000 1007.201
22.51903 950.000 1007.477
22.52024 951.000 1007.756
22.52145 952.000 1008.035
22.52266 953.000 1008.314
22.52387 954.000 1008.593
22.52507 955.000 1008.870
22.52628 956.000 1009.150
22.52749 957.000 1009.430
22.52870 958.000 1009.709
22.52991 959.000 1009.989
22.53111 960.000 1010.267
22.53232 961.000 1010.548
22.53353 962.000 1010.828
22.53474 963.000 1011.109
22.53595 964.000 1011.389
22.53715 965.000 1011.668
22.53836 966.000 1011.947
22.53957 967.000 1012.227
22.54078 968.000 1012.507
22.54199 969.000 1012.787
22.54319 970.000 1013.065
22.54440 971.000 1013.345
22.54561 972.000 1013.626
22.54682 973.000 1013.906
22.54803 974.000 1014.187
22.54923 975.000 1014.466
22.55044 976.000 1014.747
22.55165 977.000 1015.028
22.55286 978.000 1015.309
22.55407 979.000 1015.591
22.55527 980.000 1015.870
22.69299 981.000 1047.773
22.69419 982.000 1048.051
22.69540 983.000 1048.332
22.69661 984.000 1048.613
22.69782 985.000 1048.894
22.69903 986.000 1049.175
22.70023 987.000 1049.453
22.70144 988.000 1049.735
22.70265 989.000 1050.016
22.70386 990.000 1050.298
22.70507 991.000 1050.580
22.70627 992.000 1050.859
22.70748 993.000 1051.141
22.70869 994.000 1051.424
22.70990 995.000 1051.706
22.71111 996.000 1051.989
22.71231 997.000 1052.269
22.71352 998.000 1052.552
22.71473 999.000 1052.835
22.71594 1000.000 1053.118
22.71715 1001.000 1053.401
22.71835 1002.000 1053.682
22.71956 1003.000 1053.966
22.72077 1004.000 1054.250
22.72198 1005.000 1054.533
22.72319 1006.000 1054.817
22.72439 1007.000 1055.099
22.72560 1008.000 1055.384
22.72681 1009.000 1055.668
22.72802 1010.000 1055.951
22.72923 1011.000 1056.234
22.73043 1012.000 1056.515
22.73164 1013.000 1056.799
22.73285 1014.000 1057.083
22.73406 1015.000 1057.366
22.73527 1016.000 1057.650
22.73647 1017.000 1057.932
22.73768 1018.000 1058.216
22.73889 1019.000 1058.501
22.74010 1020.000 1058.785
22.74131 1021.000 1059.070
22.74251 1022.000 1059.352
22.74372 1023.000 1059.637
22.88264 1024.000 1092.029
22.88385 1025.000 1092.311
22.88506 1026.000 1092.593
22.88627 1027.000 1092.876
22.88747 1028.000 1093.156
22.88868 1029.000 1093.439
22.88989 1030.000 1093.722
22.89110 1031.000 1094.005
22.89231 1032.000 1094.288
22.89351 1033.000 1094.569
22.89472 1034.000 1094.853
22.89593 1035.000 1095.137
22.89714 1036.000 1095.421
22.89835 1037.000 1095.705
22.89955 1038.000 1095.986
22.90076 1039.000 1096.271
22.90197 1040.000 1096.555
22.90318 1041.000 1096.840
22.90439 1042.000 1097.124
22.90559 1043.000 1097.407
22.90680 1044.000 1097.692
22.90801 1045.000 1097.977
22.90922 1046.000 1098.262
22.91043 1047.000 1098.548
22.91163 1048.000 1098.831
22.91284 1049.000 1099.117
22.91405 1050.000 1099.402
22.91526 1051.000 1099.688
22.91647 1052.000 1099.974
22.91767 1053.000 1100.258
22.91888 1054.000 1100.543
22.92009 1055.000 1100.828
22.92130 1056.000 1101.114
22.92251 1057.000 1101.399
22.92371 1058.000 1101.682
22.92492 1059.000 1101.968
22.92613 1060.000 1102.253
22.92734 1061.000 1102.539
22.92855 1062.000 1102.825
22.92975 1063.000 1103.109
22.93096 1064.000 1103.395
22.93217 1065.000 1103.682
22.93338 1066.000 1103.968
22.93459 1067.000 1104.255
23.07351 1068.000 1137.192
23.07471 1069.000 1137.476
23.07592 1070.000 1137.763
23.07713 1071.000 1138.051
23.07834 1072.000 1138.338
23.07955 1073.000 1138.626
23.08075 1074.000 1138.911
23.08196 1075.000 1139.199
23.08317 1076.000 1139.487
23.08438 1077.000 1139.775
23.08559 1078.000 1140.063
23.08679 1079.000 1140.349
23.08800 1080.000 1140.638
23.08921 1081.000 1140.927
23.09042 1082.000 1141.215
23.09163 1083.000 1141.504
23.09283 1084.000 1141.791
23.09404 1085.000 1142.080
23.09525 1086.000 1142.370
23.09646 1087.000 1142.659
23.09767 1088.000 1142.949
23.09887 1089.000 1143.236
23.10008 1090.000 1143.526
23.10129 1091.000 1143.816
23.10250 1092.000 1144.107
23.10371 1093.000 1144.397
23.10491 1094.000 1144.685
23.10612 1095.000 1144.976
23.10733 1096.000 1145.266
23.10854 1097.000 1145.557
23.10975 1098.000 1145.848
23.11095 1099.000 1146.137
23.11216 1100.000 1146.427
23.11337 1101.000 1146.477
23.11458 1102.000 1146.526
23.11579 1103.000 1146.576
23.11699 1104.000 1146.626
23.11820 1105.000 1146.675
23.11941 1106.000 1146.725
23.12062 1107.000 1146.775
23.12183 1108.000 1146.825
23.12303 1109.000 1146.875
23.12424 1110.000 1146.924
23.12545 1111.000 1146.974
23.12666 1112.000 1147.024
23.26558 1113.000 1152.757
23.26679 1114.000 1152.807
23.26799 1115.000 1152.857
23.26920 1116.000 1152.907
23.27041 1117.000 1152.957
23.27162 1118.000 1153.007
23.27283 1119.000 1153.057
23.27403 1120.000 1153.106
23.27524 1121.000 1153.156
23.27645 1122.000 1153.206
23.27766 1123.000 1153.256
23.27887 1124.000 1153.306
23.28007 1125.000 1153.356
23.28128 1126.000 1153.406
23.28249 1127.000 1153.456
23.28370 1128.000 1153.506
23.28491 1129.000 1153.557
23.28611 1130.000 1153.606
23.28732 1131.000 1153.656
23.28853 1132.000 1153.707
23.28974 1133.000 1153.757
23.29095 1134.000 1153.807
23.29215 1135.000 1153.857
23.29336 1136.000 1153.907
23.29457 1137.000 1153.957
23.29578 1138.000 1154.008
23.29699 1139.000 1154.058
23.29819 1140.000 1154.108
23.29940 1141.000 1154.158
23.30061 1142.000 1154.208
23.30182 1143.000 1154.259
23.30303 1144.000 1154.309
23.30423 1145.000 1154.359
23.30787 1148.000 1155.249
23.44113 1193.000 1178.783
23.54783 1194.000 1197.660
23.54903 1195.000 1197.873
23.55024 1196.000 1198.088
23.55145 1197.000 1198.303
23.55266 1198.000 1198.519
23.55387 1199.000 1198.735
23.55507 1200.000 1198.949
23.55628 1201.000 1199.166
23.55749 1202.000 1199.383
23.55870 1203.000 1199.601
23.55991 1204.000 1199.819
23.56111 1205.000 1200.035
23.56232 1206.000 1200.254
23.56353 1207.000 1200.473
23.56474 1208.000 1200.692
23.56595 1209.000 1200.912
23.56715 1210.000 1201.130
23.56836 1211.000 1201.351
23.56957 1212.000 1201.572
23.57078 1213.000 1201.793
23.57199 1214.000 1202.015
23.57319 1215.000 1202.235
23.57440 1216.000 1202.458
23.68109 1217.000 1222.102
23.68230 1218.000 1222.325
23.68351 1219.000 1222.549
23.68471 1220.000 1222.771
23.68592 1221.000 1222.995
23.68713 1222.000 1223.220
23.68834 1223.000 1223.445
23.68955 1224.000 1223.670
23.69075 1225.000 1223.894
23.69196 1226.000 1224.120
23.69317 1227.000 1224.347
23.69438 1228.000 1224.574
23.69559 1229.000 1224.799
23.69679 1230.000 1225.023
23.69800 1231.000 1225.249
23.69921 1232.000 1225.476
23.70042 1233.000 1225.703
23.70163 1234.000 1225.930
23.70283 1235.000 1226.156
23.70404 1236.000 1226.384
23.70525 1237.000 1226.612
23.70646 1238.000 1226.841
23.70767 1239.000 1227.070
23.70887 1240.000 1227.298
23.81436 1241.000 1247.484
23.81556 1242.000 1247.714
23.81677 1243.000 1247.947
23.81798 1244.000 1248.179
23.81919 1245.000 1248.412
23.82040 1246.000 1248.646
23.82160 1247.000 1248.877
23.82281 1248.000 1249.111
23.82402 1249.000 1249.346
23.82523 1250.000 1249.581
23.82644 1251.000 1249.816
23.82764 1252.000 1250.049
23.82885 1253.000 1250.285
23.83006 1254.000 1250.519
23.83127 1255.000 1250.754
23.83248 1256.000 1250.989
23.83368 1257.000 1251.223
23.83489 1258.000 1251.458
23.83610 1259.000 1251.695
23.83731 1260.000 1251.931
23.83852 1261.000 1252.168
23.83972 1262.000 1252.403
23.84093 1263.000 1252.640
23.84214 1264.000 1252.878
23.84335 1265.000 1253.117
23.94762 1266.000 1273.826
23.94883 1267.000 1274.067
23.95004 1268.000 1274.308
23.95124 1269.000 1274.547
23.95245 1270.000 1274.789
23.95366 1271.000 1275.031
23.95487 1272.000 1275.273
23.95608 1273.000 1275.516
23.95728 1274.000 1275.757
23.95849 1275.000 1276.001
23.95970 1276.000 1276.244
23.96091 1277.000 1276.488
23.96212 1278.000 1276.733
23.96332 1279.000 1276.976
23.96453 1280.000 1277.221
23.96574 1281.000 1277.464
23.96695 1282.000 1277.708
23.96816 1283.000 1277.953
23.96936 1284.000 1278.195
23.97057 1285.000 1278.440
23.97178 1286.000 1278.685
23.97299 1287.000 1278.931
23.97420 1288.000 1279.177
23.97540 1289.000 1279.421
23.97661 1290.000 1279.668
23.97782 1291.000 1279.915
24.08088 1292.000 1301.133
24.08209 1293.000 1301.383
24.08330 1294.000 1301.633
24.08451 1295.000 1301.883
24.08572 1296.000 1302.133
24.08692 1297.000 1302.382
24.08813 1298.000 1302.633
24.08934 1299.000 1302.884
24.09055 1300.000 1303.136
24.09176 1301.000 1303.388
24.09296 1302.000 1303.639
24.09417 1303.000 1303.891
24.09538 1304.000 1304.144
24.09659 1305.000 1304.398
24.09780 1306.000 1304.652
24.09900 1307.000 1304.904
24.10021 1308.000 1305.156
24.10142 1309.000 1305.409
24.10263 1310.000 1305.662
24.10384 1311.000 1305.915
24.10504 1312.000 1306.167
24.10625 1313.000 1306.421
24.10746 1314.000 1306.676
24.10867 1315.000 1306.930
24.10988 1316.000 1307.185
24.11108 1317.000 1307.439
24.11229 1318.000 1307.694
24.21415 1319.000 1329.408
24.21536 1320.000 1329.666
24.21657 1321.000 1329.925
24.21777 1322.000 1330.182
24.21898 1323.000 1330.441
24.22019 1324.000 1330.701
24.22140 1325.000 1330.960
24.22261 1326.000 1331.221
24.22381 1327.000 1331.479
24.22502 1328.000 1331.740
24.22623 1329.000 1332.001
24.22744 1330.000 1332.262
24.22865 1331.000 1332.524
24.22985 1332.000 1332.784
24.23106 1333.000 1333.046
24.23227 1334.000 1333.309
24.23348 1335.000 1333.572
24.23469 1336.000 1333.836
24.23589 1337.000 1334.095
24.23710 1338.000 1334.357
24.23831 1339.000 1334.619
24.23952 1340.000 1334.882
24.24073 1341.000 1335.145
24.24193 1342.000 1335.406
24.24314 1343.000 1335.670
24.24435 1344.000 1335.933
24.24556 1345.000 1336.198
24.24677 1346.000 1336.462
24.34741 1347.000 1358.651
24.34862 1348.000 1358.918
24.34983 1349.000 1359.186
24.35104 1350.000 1359.454
24.35225 1351.000 1359.722
24.35345 1352.000 1359.988
24.35466 1353.000 1360.256
24.35587 1354.000 1360.525
24.35708 1355.000 1360.794
24.35829 1356.000 1361.064
24.35949 1357.000 1361.332
24.36070 1358.000 1361.602
24.36191 1359.000 1361.872
24.36312 1360.000 1362.143
24.36433 1361.000 1362.414
24.36553 1362.000 1362.683
24.36674 1363.000 1362.955
24.36795 1364.000 1363.227
24.36916 1365.000 1363.499
24.37037 1366.000 1363.770
24.37157 1367.000 1364.039
24.37278 1368.000 1364.310
24.37399 1369.000 1364.581
24.37520 1370.000 1364.853
24.37641 1371.000 1365.125
24.37761 1372.000 1365.395
24.37882 1373.000 1365.668
24.38003 1374.000 1365.941
24.38124 1375.000 1366.214
24.48068 1376.000 1388.866
24.48189 1377.000 1389.142
24.48310 1378.000 1389.419
24.48430 1379.000 1389.693
24.48551 1380.000 1389.970
24.48672 1381.000 1390.247
24.48793 1382.000 1390.524
24.48914 1383.000 1390.802
24.49034 1384.000 1391.078
24.49155 1385.000 1391.356
24.49276 1386.000 1391.635
24.49397 1387.000 1391.914
24.49518 1388.000 1392.193
24.49638 1389.000 1392.470
24.49759 1390.000 1392.750
24.49880 1391.000 1393.030
24.50001 1392.000 1393.310
24.50122 1393.000 1393.591
24.50242 1394.000 1393.870
24.50363 1395.000 1394.151
24.50484 1396.000 1394.432
24.50605 1397.000 1394.712
24.50726 1398.000 1394.992
24.50846 1399.000 1395.270
24.50967 1400.000 1395.551
24.51088 1401.000 1395.832
24.51209 1402.000 1396.113
24.51330 1403.000 1396.395
24.51450 1404.000 1396.674
24.51571 1405.000 1396.956
24.61394 1406.000 1420.053
24.61515 1407.000 1420.338
24.61636 1408.000 1420.623
24.61757 1409.000 1420.908
24.61878 1410.000 1421.194
24.61998 1411.000 1421.477
24.62119 1412.000 1421.764
24.62240 1413.000 1422.050
24.62361 1414.000 1422.337
24.62482 1415.000 1422.624
24.62602 1416.000 1422.909
24.62723 1417.000 1423.197
24.62844 1418.000 1423.485
24.62965 1419.000 1423.773
24.63086 1420.000 1424.062
24.63206 1421.000 1424.348
24.63327 1422.000 1424.637
24.63448 1423.000 1424.927
24.63569 1424.000 1425.216
24.63690 1425.000 1425.506
24.63810 1426.000 1425.794
24.63931 1427.000 1426.085
24.64052 1428.000 1426.373
24.64173 1429.000 1426.662
24.64294 1430.000 1426.952
24.64414 1431.000 1427.239
24.64535 1432.000 1427.528
24.64656 1433.000 1427.819
24.64777 1434.000 1428.109
24.64898 1435.000 1428.400
24.65018 1436.000 1428.688
24.74721 1437.000 1452.215
24.74842 1438.000 1452.509
24.74962 1439.000 1452.800
24.75083 1440.000 1453.095
24.75204 1441.000 1453.389
24.75325 1442.000 1453.684
24.75446 1443.000 1453.979
24.75566 1444.000 1454.272
24.75687 1445.000 1454.568
24.75808 1446.000 1454.864
24.75929 1447.000 1455.160
24.76050 1448.000 1455.456
24.76170 1449.000 1455.751
24.76291 1450.000 1456.048
24.76412 1451.000 1456.345
24.76533 1452.000 1456.643
24.76654 1453.000 1456.940
24.76774 1454.000 1457.236
24.76895 1455.000 1457.535
24.77016 1456.000 1457.833
24.77137 1457.000 1458.132
24.77258 1458.000 1458.431
24.77378 1459.000 1458.729
24.77499 1460.000 1459.028
24.77620 1461.000 1459.326
24.77741 1462.000 1459.624
24.77862 1463.000 1459.923
24.77982 1464.000 1460.219
24.78103 1465.000 1460.518
24.78224 1466.000 1460.817
24.78345 1467.000 1461.117
24.78466 1468.000 1461.416
24.88047 1469.000 1485.352
24.88168 1470.000 1485.655
24.88289 1471.000 1485.958
24.88410 1472.000 1486.261
24.88531 1473.000 1486.564
24.88651 1474.000 1486.865
24.88772 1475.000 1487.169
24.88893 1476.000 1487.473
24.89014 1477.000 1487.778
24.89135 1478.000 1488.083
24.89255 1479.000 1488.385
24.89376 1480.000 1488.690
24.89497 1481.000 1488.996
24.89618 1482.000 1489.302
24.89739 1483.000 1489.608
24.89859 1484.000 1489.912
24.89980 1485.000 1490.218
24.90101 1486.000 1490.525
24.90222 1487.000 1490.832
24.90343 1488.000 1491.140
24.90463 1489.000 1491.445
24.90584 1490.000 1491.753
24.90705 1491.000 1492.061
24.90826 1492.000 1492.370
24.90947 1493.000 1492.679
24.91067 1494.000 1492.983
24.91188 1495.000 1493.290
24.91309 1496.000 1493.597
24.91430 1497.000 1493.905
24.91551 1498.000 1494.213
24.91671 1499.000 1494.518
24.91792 1500.000 1494.826
24.91913 1501.000 1495.135
25.01374 1502.000 1519.468
25.01495 1503.000 1519.779
25.01615 1504.000 1520.088
25.01736 1505.000 1520.400
25.01857 1506.000 1520.712
25.01978 1507.000 1521.025
25.02099 1508.000 1521.338
25.02219 1509.000 1521.648
25.02340 1510.000 1521.962
25.02461 1511.000 1522.275
25.02582 1512.000 1522.589
25.02703 1513.000 1522.903
25.02823 1514.000 1523.215
25.02944 1515.000 1523.529
25.03065 1516.000 1523.844
25.03186 1517.000 1524.160
25.03307 1518.000 1524.475
25.03427 1519.000 1524.788
25.03548 1520.000 1525.104
25.03669 1521.000 1525.420
25.03790 1522.000 1525.737
25.03911 1523.000 1526.053
25.04031 1524.000 1526.368
25.04152 1525.000 1526.685
25.04273 1526.000 1527.003
25.04394 1527.000 1527.320
25.04515 1528.000 1527.636
25.04635 1529.000 1527.949
25.04756 1530.000 1528.266
25.04877 1531.000 1528.582
25.04998 1532.000 1528.899
25.05119 1533.000 1529.216
25.05239 1534.000 1529.530
25.05360 1535.000 1529.848
25.14700 1536.000 1554.557
25.14821 1537.000 1554.878
25.14942 1538.000 1555.198
25.15063 1539.000 1555.519
25.15184 1540.000 1555.840
25.15304 1541.000 1556.159
25.15425 1542.000 1556.481
25.15546 1543.000 1556.803
25.15667 1544.000 1557.125
25.15788 1545.000 1557.447
25.15908 1546.000 1557.767
25.16029 1547.000 1558.090
25.16150 1548.000 1558.413
25.16271 1549.000 1558.737
25.16392 1550.000 1559.061
25.16512 1551.000 1559.382
25.16633 1552.000 1559.706
25.16754 1553.000 1560.031
25.16875 1554.000 1560.355
25.16996 1555.000 1560.680
25.17116 1556.000 1561.003
25.17237 1557.000 1561.328
25.17358 1558.000 1561.654
25.17479 1559.000 1561.980
25.17600 1560.000 1562.306
25.17720 1561.000 1562.630
25.17841 1562.000 1562.957
25.17962 1563.000 1563.284
25.18083 1564.000 1563.609
25.18204 1565.000 1563.934
25.18324 1566.000 1564.257
25.18445 1567.000 1564.582
25.18566 1568.000 1564.908
25.18687 1569.000 1565.234
25.18808 1570.000 1565.560
25.28027 1571.000 1590.631
25.28148 1572.000 1590.960
25.28268 1573.000 1591.287
25.28389 1574.000 1591.616
25.28510 1575.000 1591.947
25.28631 1576.000 1592.277
25.28752 1577.000 1592.607
25.28872 1578.000 1592.935
25.28993 1579.000 1593.266
25.29114 1580.000 1593.598
25.29235 1581.000 1593.929
25.29356 1582.000 1594.261
25.29476 1583.000 1594.590
25.29597 1584.000 1594.923
25.29718 1585.000 1595.255
25.29839 1586.000 1595.588
25.29960 1587.000 1595.921
25.30080 1588.000 1596.252
25.30201 1589.000 1596.585
25.30322 1590.000 1596.919
25.30443 1591.000 1597.253
25.30564 1592.000 1597.587
25.30684 1593.000 1597.919
25.30805 1594.000 1598.254
25.30926 1595.000 1598.589
25.31047 1596.000 1598.924
25.31168 1597.000 1599.260
25.31288 1598.000 1599.593
25.31409 1599.000 1599.929
25.31530 1600.000 1600.262
25.31651 1601.000 1600.596
25.31772 1602.000 1600.931
25.31892 1603.000 1601.262
25.32013 1604.000 1601.597
25.32134 1605.000 1601.932
25.32255 1606.000 1602.267
25.41353 1607.000 1627.680
25.41474 1608.000 1628.018
25.41595 1609.000 1628.357
25.41716 1610.000 1628.696
25.41836 1611.000 1629.032
25.41957 1612.000 1629.371
25.42078 1613.000 1629.710
25.42199 1614.000 1630.050
25.42320 1615.000 1630.390
25.42440 1616.000 1630.727
25.42561 1617.000 1631.068
25.42682 1618.000 1631.408
25.42803 1619.000 1631.749
25.42924 1620.000 1632.091
25.43044 1621.000 1632.429
25.43165 1622.000 1632.771
25.43286 1623.000 1633.113
25.43407 1624.000 1633.455
25.43528 1625.000 1633.797
25.43648 1626.000 1634.137
25.43769 1627.000 1634.480
25.43890 1628.000 1634.823
25.44011 1629.000 1635.166
25.44132 1630.000 1635.510
25.44252 1631.000 1635.851
25.44373 1632.000 1636.195
25.44494 1633.000 1636.539
25.44615 1634.000 1636.884
25.44736 1635.000 1637.228
25.44856 1636.000 1637.570
25.44977 1637.000 1637.916
25.45098 1638.000 1638.259
25.45219 1639.000 1638.602
25.45340 1640.000 1638.945
25.45460 1641.000 1639.286
25.45581 1642.000 1639.630
25.45702 1643.000 1639.974
25.54800 1644.000 1665.865
25.54921 1645.000 1666.209
25.55041 1646.000 1666.551
25.55162 1647.000 1666.896
25.55283 1648.000 1667.241
25.55404 1649.000 1667.587
25.55525 1650.000 1667.933
25.55645 1651.000 1668.276
25.55766 1652.000 1668.622
25.55887 1653.000 1668.969
25.56008 1654.000 1669.315
25.56129 1655.000 1669.662
25.56249 1656.000 1670.006
25.56370 1657.000 1670.354
25.56491 1658.000 1670.702
25.56612 1659.000 1671.049
25.56733 1660.000 1671.397
25.56853 1661.000 1671.743
25.56974 1662.000 1672.092
25.57095 1663.000 1672.440
25.57216 1664.000 1672.789
25.57337 1665.000 1673.139
25.57457 1666.000 1673.485
25.57578 1667.000 1673.835
25.57699 1668.000 1674.185
25.57820 1669.000 1674.535
25.57941 1670.000 1674.886
25.58061 1671.000 1675.233
25.58182 1672.000 1675.584
25.58303 1673.000 1675.935
25.58424 1674.000 1676.287
25.58545 1675.000 1676.638
25.58665 1676.000 1676.982
25.58786 1677.000 1677.329
25.58907 1678.000 1677.676
25.59028 1679.000 1678.024
25.59149 1680.000 1678.371
25.59269 1681.000 1678.716
25.68329 1682.000 1704.968
25.68450 1683.000 1705.319
25.68571 1684.000 1705.670
25.68692 1685.000 1706.021
25.68813 1686.000 1706.373
25.68933 1687.000 1706.722
25.69054 1688.000 1707.074
25.69175 1689.000 1707.426
25.69296 1690.000 1707.778
25.69417 1691.000 1708.131
25.69537 1692.000 1708.481
25.69658 1693.000 1708.834
25.69779 1694.000 1709.187
25.69900 1695.000 1709.541
25.70021 1696.000 1709.895
25.70141 1697.000 1710.246
25.70262 1698.000 1710.600
25.70383 1699.000 1710.954
25.70504 1700.000 1711.309
25.70625 1701.000 1711.664
25.70745 1702.000 1712.016
25.70866 1703.000 1712.372
25.70987 1704.000 1712.727
25.71108 1705.000 1713.083
25.71229 1706.000 1713.439
25.71349 1707.000 1713.793
25.71470 1708.000 1714.149
25.71591 1709.000 1714.506
25.71712 1710.000 1714.863
25.71833 1711.000 1715.220
25.71953 1712.000 1715.575
25.72074 1713.000 1715.932
25.72195 1714.000 1716.290
25.72316 1715.000 1716.648
25.72437 1716.000 1717.001
25.72557 1717.000 1717.352
25.72678 1718.000 1717.705
25.72799 1719.000 1718.059
25.72920 1720.000 1718.413
25.82101 1721.000 1745.092
25.82221 1722.000 1745.441
25.82342 1723.000 1745.793
25.82463 1724.000 1746.146
25.82584 1725.000 1746.498
25.82705 1726.000 1746.851
25.82825 1727.000 1747.201
25.82946 1728.000 1747.554
25.83067 1729.000 1747.907
25.83188 1730.000 1748.261
25.83309 1731.000 1748.615
25.83429 1732.000 1748.966
25.83550 1733.000 1749.320
25.83671 1734.000 1749.674
25.83792 1735.000 1750.029
25.83913 1736.000 1750.384
25.84033 1737.000 1750.736
25.84154 1738.000 1751.091
25.84275 1739.000 1751.447
25.84396 1740.000 1751.803
25.84517 1741.000 1752.159
25.84637 1742.000 1752.512
25.84758 1743.000 1752.868
25.84879 1744.000 1753.225
25.85000 1745.000 1753.582
25.85121 1746.000 1753.939
25.85241 1747.000 1754.293
25.85362 1748.000 1754.651
25.85483 1749.000 1755.008
25.85604 1750.000 1755.366
25.85725 1751.000 1755.724
25.85845 1752.000 1756.080
25.85966 1753.000 1756.438
25.86087 1754.000 1756.797
25.86208 1755.000 1757.156
25.86329 1756.000 1757.513
25.86449 1757.000 1757.867
25.86570 1758.000 1758.224
25.86691 1759.000 1758.581
25.86812 1760.000 1758.938
25.96113 1761.000 1786.235
25.96234 1762.000 1786.591
25.96355 1763.000 1786.946
25.96476 1764.000 1787.302
25.96597 1765.000 1787.658
25.96717 1766.000 1788.011
25.96838 1767.000 1788.368
25.96959 1768.000 1788.724
25.97080 1769.000 1789.081
25.97201 1770.000 1789.438
25.97321 1771.000 1789.792
25.97442 1772.000 1790.150
25.97563 1773.000 1790.507
25.97684 1774.000 1790.865
25.97805 1775.000 1791.223
25.97925 1776.000 1791.578
25.98046 1777.000 1791.937
25.98167 1778.000 1792.296
25.98288 1779.000 1792.655
25.98409 1780.000 1793.014
25.98529 1781.000 1793.370
25.98650 1782.000 1793.729
25.98771 1783.000 1794.089
25.98892 1784.000 1794.449
25.99013 1785.000 1794.809
25.99133 1786.000 1795.167
25.99254 1787.000 1795.527
25.99375 1788.000 1795.888
25.99496 1789.000 1796.249
25.99617 1790.000 1796.610
25.99737 1791.000 1796.968
25.99858 1792.000 1797.330
25.99979 1793.000 1797.692
26.00100 1794.000 1798.054
26.00221 1795.000 1798.416
26.00341 1796.000 1798.775
26.00462 1797.000 1799.138
26.00583 1798.000 1799.498
26.00704 1799.000 1799.859
26.00825 1800.000 1800.219
26.00945 1801.000 1800.577
26.10368 1802.000 1828.302
26.10489 1803.000 1828.658
26.10609 1804.000 1829.012
26.10730 1805.000 1829.368
26.10851 1806.000 1829.725
26.10972 1807.000 1830.082
26.11093 1808.000 1830.439
26.11213 1809.000 1830.794
26.11334 1810.000 1831.151
26.11455 1811.000 1831.509
26.11576 1812.000 1831.867
26.11697 1813.000 1832.225
26.11817 1814.000 1832.581
26.11938 1815.000 1832.940
26.12059 1816.000 1833.298
26.12180 1817.000 1833.657
26.12301 1818.000 1834.017
26.12421 1819.000 1834.373
26.12542 1820.000 1834.733
26.12663 1821.000 1835.092
26.12784 1822.000 1835.452
26.12905 1823.000 1835.813
26.13025 1824.000 1836.170
26.13146 1825.000 1836.531
26.13267 1826.000 1836.892
26.13388 1827.000 1837.253
26.13509 1828.000 1837.614
26.13629 1829.000 1837.972
26.13750 1830.000 1838.334
26.13871 1831.000 1838.696
26.13992 1832.000 1839.058
26.14113 1833.000 1839.420
26.14233 1834.000 1839.779
26.14354 1835.000 1840.142
26.14475 1836.000 1840.505
26.14596 1837.000 1840.868
26.14717 1838.000 1841.231
26.14837 1839.000 1841.591
26.14958 1840.000 1841.952
26.15079 1841.000 1842.313
26.15200 1842.000 1842.675
26.15321 1843.000 1843.036
26.24864 1844.000 1871.377
26.24985 1845.000 1871.736
26.25105 1846.000 1872.093
26.25226 1847.000 1872.453
26.25347 1848.000 1872.813
26.25468 1849.000 1873.173
26.25589 1850.000 1873.534
26.25709 1851.000 1873.891
26.25830 1852.000 1874.252
26.25951 1853.000 1874.613
26.26072 1854.000 1874.975
26.26193 1855.000 1875.336
26.26313 1856.000 1875.695
26.26434 1857.000 1876.057
26.26555 1858.000 1876.419
26.26676 1859.000 1876.781
26.26797 1860.000 1877.143
26.26917 1861.000 1877.503
26.27038 1862.000 1877.866
26.27159 1863.000 1878.229
26.27280 1864.000 1878.592
26.27401 1865.000 1878.955
26.27521 1866.000 1879.316
26.27642 1867.000 1879.680
26.27763 1868.000 1880.044
26.27884 1869.000 1880.408
26.28005 1870.000 1880.772
26.28125 1871.000 1881.134
26.28246 1872.000 1881.498
26.28367 1873.000 1881.863
26.28488 1874.000 1882.228
26.28609 1875.000 1882.594
26.28729 1876.000 1882.956
26.28850 1877.000 1883.322
26.28971 1878.000 1883.688
26.29092 1879.000 1884.054
26.29213 1880.000 1884.420
26.29333 1881.000 1884.783
26.29454 1882.000 1885.150
26.29575 1883.000 1885.517
26.29696 1884.000 1885.881
26.29817 1885.000 1886.246
26.29937 1886.000 1886.608
26.39601 1887.000 1915.566
26.39722 1888.000 1915.929
26.39843 1889.000 1916.292
26.39964 1890.000 1916.655
26.40085 1891.000 1917.019
26.40205 1892.000 1917.379
26.40326 1893.000 1917.743
26.40447 1894.000 1918.107
26.40568 1895.000 1918.471
26.40689 1896.000 1918.835
26.40809 1897.000 1919.196
26.40930 1898.000 1919.561
26.41051 1899.000 1919.926
26.41172 1900.000 1920.291
26.41293 1901.000 1920.656
26.41413 1902.000 1921.018
26.41534 1903.000 1921.384
26.41655 1904.000 1921.750
26.41776 1905.000 1922.116
26.41897 1906.000 1922.482
26.42017 1907.000 1922.845
26.42138 1908.000 1923.211
26.42259 1909.000 1923.578
26.42380 1910.000 1923.945
26.42501 1911.000 1924.312
26.42621 1912.000 1924.676
26.42742 1913.000 1925.044
26.42863 1914.000 1925.411
26.42984 1915.000 1925.779
26.43105 1916.000 1926.147
26.43225 1917.000 1926.512
26.43346 1918.000 1926.880
26.43467 1919.000 1927.249
26.43588 1920.000 1927.618
26.43709 1921.000 1927.986
26.43829 1922.000 1928.352
26.43950 1923.000 1928.722
26.44071 1924.000 1929.091
26.44192 1925.000 1929.461
26.44313 1926.000 1929.831
26.44433 1927.000 1930.197
26.44554 1928.000 1930.563
26.44675 1929.000 1930.928
26.44796 1930.000 1931.294
26.54581 1931.000 1960.673
26.54701 1932.000 1961.033
26.54822 1933.000 1961.397
26.54943 1934.000 1961.761
26.55064 1935.000 1962.125
26.55185 1936.000 1962.489
26.55305 1937.000 1962.850
26.55426 1938.000 1963.215
26.55547 1939.000 1963.580
26.55668 1940.000 1963.944
26.55789 1941.000 1964.310
26.55909 1942.000 1964.672
26.56030 1943.000 1965.037
26.56151 1944.000 1965.403
26.56272 1945.000 1965.769
26.56393 1946.000 1966.135
26.56513 1947.000 1966.498
26.56634 1948.000 1966.864
26.56755 1949.000 1967.231
26.56876 1950.000 1967.597
26.56997 1951.000 1967.964
26.57117 1952.000 1968.328
26.57238 1953.000 1968.695
26.57359 1954.000 1969.063
26.57480 1955.000 1969.430
26.57601 1956.000 1969.798
26.57721 1957.000 1970.163
26.57842 1958.000 1970.531
26.57963 1959.000 1970.899
26.58084 1960.000 1971.268
26.58205 1961.000 1971.636
26.58325 1962.000 1972.002
26.58446 1963.000 1972.371
26.58567 1964.000 1972.740
26.58688 1965.000 1973.110
26.58809 1966.000 1973.479
26.58929 1967.000 1973.846
26.59050 1968.000 1974.216
26.59171 1969.000 1974.586
26.59292 1970.000 1974.956
26.59413 1971.000 1975.326
26.59533 1972.000 1975.694
26.59654 1973.000 1976.065
26.59775 1974.000 1976.433
26.59896 1975.000 1976.802
26.69801 1976.000 2006.794
26.69922 1977.000 2007.160
26.70043 1978.000 2007.527
26.70164 1979.000 2007.894
26.70285 1980.000 2008.261
26.70405 1981.000 2008.625
26.70526 1982.000 2008.993
26.70647 1983.000 2009.360
26.70768 1984.000 2009.728
26.70889 1985.000 2010.096
26.71009 1986.000 2010.461
26.71130 1987.000 2010.829
26.71251 1988.000 2011.198
26.71372 1989.000 2011.566
26.71493 1990.000 2011.935
26.71613 1991.000 2012.301
26.71734 1992.000 2012.670
26.71855 1993.000 2013.039
26.71976 1994.000 2013.409
26.72097 1995.000 2013.779
26.72217 1996.000 2014.145
26.72338 1997.000 2014.515
26.72459 1998.000 2014.886
26.72580 1999.000 2015.256
26.72701 2000.000 2015.626
26.72821 2001.000 2015.994
26.72942 2002.000 2016.365
26.73063 2003.000 2016.736
26.73184 2004.000 2017.107
26.73305 2005.000 2017.479
26.73425 2006.000 2017.847
26.73546 2007.000 2018.219
26.73667 2008.000 2018.591
26.73788 2009.000 2018.963
26.73909 2010.000 2019.335
26.74029 2011.000 2019.704
26.74150 2012.000 2020.077
26.74271 2013.000 2020.449
26.74392 2014.000 2020.822
26.74513 2015.000 2021.195
26.74633 2016.000 2021.566
26.74754 2017.000 2021.939
26.74875 2018.000 2022.313
26.74996 2019.000 2022.686
26.75117 2020.000 2023.058
26.75237 2021.000 2023.426
26.85264 2022.000 2053.840
26.85385 2023.000 2054.207
26.85505 2024.000 2054.571
26.85626 2025.000 2054.939
26.85747 2026.000 2055.307
26.85868 2027.000 2055.674
26.85989 2028.000 2056.042
26.86109 2029.000 2056.408
26.86230 2030.000 2056.776
26.86351 2031.000 2057.144
26.86472 2032.000 2057.513
26.86593 2033.000 2057.882
26.86713 2034.000 2058.248
26.86834 2035.000 2058.617
26.86955 2036.000 2058.986
26.87076 2037.000 2059.356
26.87197 2038.000 2059.726
26.87317 2039.000 2060.092
26.87438 2040.000 2060.462
26.87559 2041.000 2060.832
26.87680 2042.000 2061.203
26.87801 2043.000 2061.573
26.87921 2044.000 2061.941
26.88042 2045.000 2062.312
26.88163 2046.000 2062.683
26.88284 2047.000 2063.054
26.88405 2048.000 2063.425
26.88525 2049.000 2063.794
26.88646 2050.000 2064.165
26.88767 2051.000 2064.537
26.88888 2052.000 2064.909
26.89009 2053.000 2065.281
26.89129 2054.000 2065.650
26.89250 2055.000 2066.023
26.89371 2056.000 2066.395
26.89492 2057.000 2066.768
26.89613 2058.000 2067.141
26.89733 2059.000 2067.511
26.89854 2060.000 2067.884
26.89975 2061.000 2068.258
26.90096 2062.000 2068.631
26.90217 2063.000 2069.005
26.90337 2064.000 2069.376
26.90458 2065.000 2069.750
26.90579 2066.000 2070.124
26.90700 2067.000 2070.499
26.90821 2068.000 2070.871
27.00968 2069.000 2101.896
27.01089 2070.000 2102.266
27.01209 2071.000 2102.634
27.01330 2072.000 2103.004
27.01451 2073.000 2103.375
27.01572 2074.000 2103.745
27.01693 2075.000 2104.116
27.01813 2076.000 2104.484
27.01934 2077.000 2104.856
27.02055 2078.000 2105.227
27.02176 2079.000 2105.599
27.02297 2080.000 2105.970
27.02417 2081.000 2106.339
27.02538 2082.000 2106.711
27.02659 2083.000 2107.083
27.02780 2084.000 2107.456
27.02901 2085.000 2107.828
27.03021 2086.000 2108.198
27.03142 2087.000 2108.571
27.03263 2088.000 2108.944
27.03384 2089.000 2109.317
27.03505 2090.000 2109.690
27.03625 2091.000 2110.061
27.03746 2092.000 2110.434
27.03867 2093.000 2110.808
27.03988 2094.000 2111.182
27.04109 2095.000 2111.556
27.04229 2096.000 2111.927
27.04350 2097.000 2112.302
27.04471 2098.000 2112.676
27.04592 2099.000 2113.051
27.04713 2100.000 2113.426
27.04833 2101.000 2113.798
27.04954 2102.000 2114.173
27.05075 2103.000 2114.549
27.05196 2104.000 2114.924
27.05317 2105.000 2115.300
27.05437 2106.000 2115.673
27.05558 2107.000 2116.049
27.05679 2108.000 2116.425
27.05800 2109.000 2116.801
27.05921 2110.000 2117.178
27.06041 2111.000 2117.551
27.06162 2112.000 2117.928
27.06283 2113.000 2118.305
27.06404 2114.000 2118.682
27.06525 2115.000 2119.059
27.06645 2116.000 2119.431
27.16913 2117.000 2151.071
27.17034 2118.000 2151.444
27.17155 2119.000 2151.817
27.17276 2120.000 2152.190
27.17397 2121.000 2152.564
27.17517 2122.000 2152.934
27.17638 2123.000 2153.308
27.17759 2124.000 2153.682
27.17880 2125.000 2154.056
27.18001 2126.000 2154.430
27.18121 2127.000 2154.802
27.18242 2128.000 2155.176
27.18363 2129.000 2155.551
27.18484 2130.000 2155.926
27.18605 2131.000 2156.301
27.18725 2132.000 2156.673
27.18846 2133.000 2157.048
27.18967 2134.000 2157.424
27.19088 2135.000 2157.799
27.19209 2136.000 2158.175
27.19329 2137.000 2158.548
27.19450 2138.000 2158.924
27.19571 2139.000 2159.300
27.19692 2140.000 2159.677
27.19813 2141.000 2160.053
27.19933 2142.000 2160.427
27.20054 2143.000 2160.804
27.20175 2144.000 2161.181
27.20296 2145.000 2161.558
27.20417 2146.000 2161.935
27.20537 2147.000 2162.310
27.20658 2148.000 2162.687
27.20779 2149.000 2163.065
27.20900 2150.000 2163.443
27.21021 2151.000 2163.821
27.21141 2152.000 2164.196
27.21262 2153.000 2164.575
27.21383 2154.000 2164.953
27.21504 2155.000 2165.332
27.21625 2156.000 2165.711
27.21745 2157.000 2166.087
27.21866 2158.000 2166.466
27.21987 2159.000 2166.845
27.22108 2160.000 2167.225
27.22229 2161.000 2167.604
27.22349 2162.000 2167.981
27.22470 2163.000 2168.361
27.22591 2164.000 2168.741
27.32980 2165.000 2200.982
27.33101 2166.000 2201.355
27.33221 2167.000 2201.725
27.33342 2168.000 2202.099
27.33463 2169.000 2202.473
27.33584 2170.000 2202.847
27.33705 2171.000 2203.221
27.33825 2172.000 2203.592
27.33946 2173.000 2203.966
27.34067 2174.000 2204.341
27.34188 2175.000 2204.715
27.34309 2176.000 2205.090
27.34429 2177.000 2205.462
27.34550 2178.000 2205.837
27.34671 2179.000 2206.213
27.34792 2180.000 2206.588
27.34913 2181.000 2206.964
27.35033 2182.000 2207.336
27.35154 2183.000 2207.712
27.35275 2184.000 2208.088
27.35396 2185.000 2208.464
27.35517 2186.000 2208.841
27.35637 2187.000 2209.214
27.35758 2188.000 2209.591
27.35879 2189.000 2209.967
27.36000 2190.000 2210.344
27.36121 2191.000 2210.721
27.36241 2192.000 2211.095
27.36362 2193.000 2211.473
27.36483 2194.000 2211.850
27.36604 2195.000 2212.228
27.36725 2196.000 2212.606
27.36845 2197.000 2212.980
27.36966 2198.000 2213.359
27.37087 2199.000 2213.737
27.37208 2200.000 2214.115
27.37329 2201.000 2214.494
27.37449 2202.000 2214.869
27.37570 2203.000 2215.248
27.37691 2204.000 2215.627
27.37812 2205.000 2216.006
27.37933 2206.000 2216.385
27.38053 2207.000 2216.762
27.38174 2208.000 2217.141
27.38295 2209.000 2217.521
27.38416 2210.000 2217.901
27.38537 2211.000 2218.281
27.38657 2212.000 2218.658
27.38778 2213.000 2219.038
27.49288 2214.000 2251.881
27.49409 2215.000 2252.259
27.49529 2216.000 2252.632
27.49650 2217.000 2253.008
27.49771 2218.000 2253.385
27.49892 2219.000 2253.761
27.50013 2220.000 2254.138
27.50133 2221.000 2254.512
27.50254 2222.000 2254.889
27.50375 2223.000 2255.266
27.50496 2224.000 2255.643
27.50617 2225.000 2256.020
27.50737 2226.000 2256.395
27.50858 2227.000 2256.773
27.50979 2228.000 2257.150
27.51100 2229.000 2257.528
27.51221 2230.000 2257.906
27.51341 2231.000 2258.282
27.51462 2232.000 2258.660
27.51583 2233.000 2259.039
27.51704 2234.000 2259.417
27.51825 2235.000 2259.796
27.51945 2236.000 2260.172
27.52066 2237.000 2260.551
27.52187 2238.000 2260.930
27.52308 2239.000 2261.310
27.52429 2240.000 2261.689
27.52549 2241.000 2262.066
27.52670 2242.000 2262.446
27.52791 2243.000 2262.826
27.52912 2244.000 2263.206
27.53033 2245.000 2263.586
27.53153 2246.000 2263.963
27.53274 2247.000 2264.344
27.53395 2248.000 2264.725
27.53516 2249.000 2265.105
27.53637 2250.000 2265.486
27.53757 2251.000 2265.864
27.53878 2252.000 2266.246
27.53999 2253.000 2266.627
27.54120 2254.000 2267.009
27.54241 2255.000 2267.390
27.54361 2256.000 2267.769
27.54482 2257.000 2268.151
27.54603 2258.000 2268.533
27.54724 2259.000 2268.915
27.54845 2260.000 2269.298
27.54965 2261.000 2269.677
27.55086 2262.000 2270.060
27.55207 2263.000 2270.443
27.65837 2264.000 2303.884
27.65958 2265.000 2304.265
27.66079 2266.000 2304.646
27.66200 2267.000 2305.027
27.66321 2268.000 2305.404
27.66441 2269.000 2305.777
27.66562 2270.000 2306.154
27.66683 2271.000 2306.531
27.66804 2272.000 2306.908
27.66925 2273.000 2307.286
27.67045 2274.000 2307.660
27.67166 2275.000 2308.038
27.67287 2276.000 2308.416
27.67408 2277.000 2308.794
27.67529 2278.000 2309.172
27.67649 2279.000 2309.547
27.67770 2280.000 2309.925
27.67891 2281.000 2310.303
27.68012 2282.000 2310.682
27.68133 2283.000 2311.061
27.68253 2284.000 2311.437
27.68374 2285.000 2311.816
27.68495 2286.000 2312.195
27.68616 2287.000 2312.574
27.68737 2288.000 2312.953
27.68857 2289.000 2313.330
27.68978 2290.000 2313.710
27.69099 2291.000 2314.089
27.69220 2292.000 2314.469
27.69341 2293.000 2314.850
27.69461 2294.000 2315.227
27.69582 2295.000 2315.607
27.69703 2296.000 2315.988
27.69824 2297.000 2316.368
27.69945 2298.000 2316.749
27.70065 2299.000 2317.127
27.70186 2300.000 2317.508
27.70307 2301.000 2317.889
27.70428 2302.000 2318.271
27.70549 2303.000 2318.652
27.70669 2304.000 2319.031
27.70790 2305.000 2319.412
27.70911 2306.000 2319.794
27.71032 2307.000 2320.176
27.71153 2308.000 2320.559
27.71273 2309.000 2320.938
27.71394 2310.000 2321.320
27.71515 2311.000 2321.703
27.71636 2312.000 2322.086
27.71757 2313.000 2322.468
27.71877 2314.000 2322.848
27.82629 2315.000 2356.693
27.82749 2316.000 2357.071
27.82870 2317.000 2357.452
27.82991 2318.000 2357.833
27.83112 2319.000 2358.214
27.83233 2320.000 2358.594
27.83353 2321.000 2358.970
27.83474 2322.000 2359.350
27.83595 2323.000 2359.729
27.83716 2324.000 2360.109
27.83837 2325.000 2360.489
27.83957 2326.000 2360.866
27.84078 2327.000 2361.246
27.84199 2328.000 2361.627
27.84320 2329.000 2362.007
27.84441 2330.000 2362.388
27.84561 2331.000 2362.766
27.84682 2332.000 2363.146
27.84803 2333.000 2363.528
27.84924 2334.000 2363.909
27.85045 2335.000 2364.290
27.85165 2336.000 2364.668
27.85286 2337.000 2365.050
27.85407 2338.000 2365.432
27.85528 2339.000 2365.813
27.85649 2340.000 2366.195
27.85769 2341.000 2366.574
27.85890 2342.000 2366.957
27.86011 2343.000 2367.339
27.86132 2344.000 2367.722
27.86253 2345.000 2368.104
27.86373 2346.000 2368.484
27.86494 2347.000 2368.867
27.86615 2348.000 2369.250
27.86736 2349.000 2369.633
27.86857 2350.000 2370.016
27.86977 2351.000 2370.397
27.87098 2352.000 2370.780
27.87219 2353.000 2371.164
27.87340 2354.000 2371.548
27.87461 2355.000 2371.932
27.87581 2356.000 2372.313
27.87702 2357.000 2372.697
27.87823 2358.000 2373.082
27.87944 2359.000 2373.466
27.88065 2360.000 2373.851
27.88185 2361.000 2374.232
27.88306 2362.000 2374.617
27.88427 2363.000 2375.002
27.88548 2364.000 2375.388
27.88669 2365.000 2375.773
27.88789 2366.000 2376.155
27.99661 2367.000 2410.598
27.99782 2368.000 2410.981
27.99903 2369.000 2411.365
28.00024 2370.000 2411.748
28.00145 2371.000 2412.132
28.00265 2372.000 2412.513
28.00386 2373.000 2412.897
28.00507 2374.000 2413.277
28.00628 2375.000 2413.657
28.00749 2376.000 2414.037
28.00869 2377.000 2414.414
28.00990 2378.000 2414.794
28.01111 2379.000 2415.175
28.01232 2380.000 2415.555
28.01353 2381.000 2415.936
28.01473 2382.000 2416.314
28.01594 2383.000 2416.695
28.01715 2384.000 2417.076
28.01836 2385.000 2417.457
28.01957 2386.000 2417.838
28.02077 2387.000 2418.217
28.02198 2388.000 2418.598
28.02319 2389.000 2418.980
28.02440 2390.000 2419.362
28.02561 2391.000 2419.744
28.02681 2392.000 2420.123
28.02802 2393.000 2420.505
28.02923 2394.000 2420.887
28.03044 2395.000 2421.270
28.03165 2396.000 2421.653
28.03285 2397.000 2422.032
28.03406 2398.000 2422.415
28.03527 2399.000 2422.798
28.03648 2400.000 2423.181
28.03769 2401.000 2423.565
28.03889 2402.000 2423.945
28.04010 2403.000 2424.328
28.04131 2404.000 2424.712
28.04252 2405.000 2425.096
28.04373 2406.000 2425.480
28.04493 2407.000 2425.861
28.04614 2408.000 2426.245
28.04735 2409.000 2426.629
28.04856 2410.000 2427.014
28.04977 2411.000 2427.398
28.05097 2412.000 2427.780
28.05218 2413.000 2428.165
28.05339 2414.000 2428.550
28.05460 2415.000 2428.935
28.05581 2416.000 2429.320
28.05701 2417.000 2429.702
28.05822 2418.000 2430.088
28.05943 2419.000 2430.473
28.16936 2420.000 2465.315
28.17057 2421.000 2465.699
28.17177 2422.000 2466.079
28.17298 2423.000 2466.463
28.17419 2424.000 2466.847
28.17540 2425.000 2467.231
28.17661 2426.000 2467.616
28.17781 2427.000 2467.997
28.17902 2428.000 2468.379
28.18023 2429.000 2468.762
28.18144 2430.000 2469.144
28.18265 2431.000 2469.527
28.18385 2432.000 2469.907
28.18506 2433.000 2470.290
28.18627 2434.000 2470.673
28.18748 2435.000 2471.056
28.18869 2436.000 2471.439
28.18989 2437.000 2471.819
28.19110 2438.000 2472.203
28.19231 2439.000 2472.587
28.19352 2440.000 2472.971
28.19473 2441.000 2473.355
28.19593 2442.000 2473.735
28.19714 2443.000 2474.120
28.19835 2444.000 2474.504
28.19956 2445.000 2474.888
28.20077 2446.000 2475.273
28.20197 2447.000 2475.655
28.20318 2448.000 2476.039
28.20439 2449.000 2476.424
28.20560 2450.000 2476.809
28.20681 2451.000 2477.195
28.20801 2452.000 2477.577
28.20922 2453.000 2477.962
28.21043 2454.000 2478.348
28.21164 2455.000 2478.734
28.21285 2456.000 2479.119
28.21405 2457.000 2479.502
28.21526 2458.000 2479.888
28.21647 2459.000 2480.274
28.21768 2460.000 2480.661
28.21889 2461.000 2481.047
28.22009 2462.000 2481.431
28.22130 2463.000 2481.817
28.22251 2464.000 2482.204
28.22372 2465.000 2482.591
28.22493 2466.000 2482.978
28.22613 2467.000 2483.362
28.22734 2468.000 2483.750
28.22855 2469.000 2484.137
28.22976 2470.000 2484.525
28.23097 2471.000 2484.912
28.23217 2472.000 2485.297
28.23338 2473.000 2485.685
28.34452 2474.000 2521.128
28.34573 2475.000 2521.514
28.34693 2476.000 2521.897
28.34814 2477.000 2522.283
28.34935 2478.000 2522.669
28.35056 2479.000 2523.056
28.35177 2480.000 2523.443
28.35297 2481.000 2523.826
28.35418 2482.000 2524.213
28.35539 2483.000 2524.600
28.35660 2484.000 2524.985
28.35781 2485.000 2525.370
28.35901 2486.000 2525.752
28.36022 2487.000 2526.137
28.36143 2488.000 2526.523
28.36264 2489.000 2526.908
28.36385 2490.000 2527.294
28.36505 2491.000 2527.676
28.36626 2492.000 2528.062
28.36747 2493.000 2528.448
28.36868 2494.000 2528.834
28.36989 2495.000 2529.221
28.37109 2496.000 2529.604
28.37230 2497.000 2529.990
28.37351 2498.000 2530.377
28.37472 2499.000 2530.764
28.37593 2500.000 2531.150
28.37713 2501.000 2531.534
28.37834 2502.000 2531.921
28.37955 2503.000 2532.309
28.38076 2504.000 2532.696
28.38197 2505.000 2533.083
28.38317 2506.000 2533.468
28.38438 2507.000 2533.856
28.38559 2508.000 2534.243
28.38680 2509.000 2534.631
28.38801 2510.000 2535.020
28.38921 2511.000 2535.405
28.39042 2512.000 2535.793
28.39163 2513.000 2536.181
28.39284 2514.000 2536.570
28.39405 2515.000 2536.959
28.39525 2516.000 2537.344
28.39646 2517.000 2537.733
28.39767 2518.000 2538.122
28.39888 2519.000 2538.511
28.40009 2520.000 2538.901
28.40129 2521.000 2539.287
28.40250 2522.000 2539.676
28.40371 2523.000 2540.066
28.40492 2524.000 2540.456
28.40613 2525.000 2540.846
28.40733 2526.000 2541.233
28.40854 2527.000 2541.623
28.40975 2528.000 2542.013
28.52209 2529.000 2577.851
28.52330 2530.000 2578.238
28.52451 2531.000 2578.624
28.52572 2532.000 2579.010
28.52693 2533.000 2579.397
28.52813 2534.000 2579.780
28.52934 2535.000 2580.167
28.53055 2536.000 2580.554
28.53176 2537.000 2580.941
28.53297 2538.000 2581.328
28.53417 2539.000 2581.712
28.53538 2540.000 2582.097
28.53659 2541.000 2582.482
28.53780 2542.000 2582.868
28.53901 2543.000 2583.253
28.54021 2544.000 2583.636
28.54142 2545.000 2584.021
28.54263 2546.000 2584.407
28.54384 2547.000 2584.793
28.54505 2548.000 2585.179
28.54625 2549.000 2585.562
28.54746 2550.000 2585.949
28.54867 2551.000 2586.335
28.54988 2552.000 2586.722
28.55109 2553.000 2587.108
28.55229 2554.000 2587.492
28.55350 2555.000 2587.879
28.55471 2556.000 2588.266
28.55592 2557.000 2588.653
28.55713 2558.000 2589.040
28.55833 2559.000 2589.425
28.55954 2560.000 2589.812
28.56075 2561.000 2590.200
28.56196 2562.000 2590.588
28.56317 2563.000 2590.975
28.56437 2564.000 2591.360
28.56558 2565.000 2591.748
28.56679 2566.000 2592.137
28.56800 2567.000 2592.525
28.56921 2568.000 2592.913
28.57041 2569.000 2593.299
28.57162 2570.000 2593.688
28.57283 2571.000 2594.076
28.57404 2572.000 2594.465
28.57525 2573.000 2594.854
28.57645 2574.000 2595.240
28.57766 2575.000 2595.630
28.57887 2576.000 2596.019
28.58008 2577.000 2596.409
28.58129 2578.000 2596.798
28.58249 2579.000 2597.185
28.58370 2580.000 2597.575
28.58491 2581.000 2597.965
28.58612 2582.000 2598.355
28.58733 2583.000 2598.745
28.58853 2584.000 2599.132
28.70209 2585.000 2635.574
28.70329 2586.000 2635.959
28.70450 2587.000 2636.348
28.70571 2588.000 2636.736
28.70692 2589.000 2637.125
28.70813 2590.000 2637.514
28.70933 2591.000 2637.900
28.71054 2592.000 2638.289
28.71175 2593.000 2638.678
28.71296 2594.000 2639.068
28.71417 2595.000 2639.457
28.71537 2596.000 2639.843
28.71658 2597.000 2640.233
28.71779 2598.000 2640.621
28.71900 2599.000 2641.008
28.72021 2600.000 2641.396
28.72141 2601.000 2641.781
28.72262 2602.000 2642.169
28.72383 2603.000 2642.558
28.72504 2604.000 2642.946
28.72625 2605.000 2643.334
28.72745 2606.000 2643.720
28.72866 2607.000 2644.108
28.72987 2608.000 2644.497
28.73108 2609.000 2644.886
28.73229 2610.000 2645.275
28.73349 2611.000 2645.661
28.73470 2612.000 2646.050
28.73591 2613.000 2646.440
28.73712 2614.000 2646.829
28.73833 2615.000 2647.219
28.73953 2616.000 2647.605
28.74074 2617.000 2647.995
28.74195 2618.000 2648.385
28.74316 2619.000 2648.775
28.74437 2620.000 2649.165
28.74557 2621.000 2649.552
28.74678 2622.000 2649.943
28.74799 2623.000 2650.333
28.74920 2624.000 2650.724
28.75041 2625.000 2651.115
28.75161 2626.000 2651.502
28.75282 2627.000 2651.893
28.75403 2628.000 2652.284
28.75524 2629.000 2652.676
28.75645 2630.000 2653.067
28.75765 2631.000 2653.455
28.75886 2632.000 2653.847
28.76007 2633.000 2654.238
28.76128 2634.000 2654.630
28.76249 2635.000 2655.022
28.76369 2636.000 2655.411
28.76490 2637.000 2655.803
28.76611 2638.000 2656.195
28.76732 2639.000 2656.588
28.76853 2640.000 2656.980
28.76973 2641.000 2657.369
28.88449 2642.000 2694.409
28.88570 2643.000 2694.800
28.88691 2644.000 2695.191
28.88812 2645.000 2695.581
28.88933 2646.000 2695.972
28.89053 2647.000 2696.360
28.89174 2648.000 2696.751
28.89295 2649.000 2697.143
28.89416 2650.000 2697.534
28.89537 2651.000 2697.926
28.89657 2652.000 2698.314
28.89778 2653.000 2698.706
28.89899 2654.000 2699.098
28.90020 2655.000 2699.490
28.90141 2656.000 2699.878
28.90261 2657.000 2700.263
28.90382 2658.000 2700.651
28.90503 2659.000 2701.039
28.90624 2660.000 2701.427
28.90745 2661.000 2701.815
28.90865 2662.000 2702.201
28.90986 2663.000 2702.589
28.91107 2664.000 2702.978
28.91228 2665.000 2703.367
28.91349 2666.000 2703.756
28.91469 2667.000 2704.142
28.91590 2668.000 2704.531
28.91711 2669.000 2704.920
28.91832 2670.000 2705.310
28.91953 2671.000 2705.699
28.92073 2672.000 2706.086
28.92194 2673.000 2706.475
28.92315 2674.000 2706.865
28.92436 2675.000 2707.255
28.92557 2676.000 2707.645
28.92677 2677.000 2708.032
28.92798 2678.000 2708.423
28.92919 2679.000 2708.813
28.93040 2680.000 2709.204
28.93161 2681.000 2709.594
28.93281 2682.000 2709.982
28.93402 2683.000 2710.373
28.93523 2684.000 2710.764
28.93644 2685.000 2711.155
28.93765 2686.000 2711.546
28.93885 2687.000 2711.934
28.94006 2688.000 2712.325
28.94127 2689.000 2712.717
28.94248 2690.000 2713.108
28.94369 2691.000 2713.500
28.94489 2692.000 2713.889
28.94610 2693.000 2714.281
28.94731 2694.000 2714.673
28.94852 2695.000 2715.065
28.94973 2696.000 2715.457
28.95093 2697.000 2715.846
28.95214 2698.000 2716.239
28.95335 2699.000 2716.632
29.06932 2700.000 2754.069
29.07053 2701.000 2754.459
29.07173 2702.000 2754.847
29.07294 2703.000 2755.238
29.07415 2704.000 2755.629
29.07536 2705.000 2756.020
29.07657 2706.000 2756.411
29.07777 2707.000 2756.799
29.07898 2708.000 2757.191
29.08019 2709.000 2757.582
29.08140 2710.000 2757.974
29.08261 2711.000 2758.366
29.08381 2712.000 2758.755
29.08502 2713.000 2759.147
29.08623 2714.000 2759.539
29.08744 2715.000 2759.931
29.08865 2716.000 2760.321
29.08985 2717.000 2760.708
29.09106 2718.000 2761.099
29.09227 2719.000 2761.489
29.09348 2720.000 2761.880
29.09469 2721.000 2762.271
29.09589 2722.000 2762.659
29.09710 2723.000 2763.050
29.09831 2724.000 2763.441
29.09952 2725.000 2763.832
29.10073 2726.000 2764.223
29.10193 2727.000 2764.611
29.10314 2728.000 2765.003
29.10435 2729.000 2765.395
29.10556 2730.000 2765.786
29.10677 2731.000 2766.178
29.10797 2732.000 2766.567
29.10918 2733.000 2766.959
29.11039 2734.000 2767.351
29.11160 2735.000 2767.744
29.11281 2736.000 2768.136
29.11401 2737.000 2768.525
29.11522 2738.000 2768.918
29.11643 2739.000 2769.311
29.11764 2740.000 2769.703
29.11885 2741.000 2770.096
29.12005 2742.000 2770.486
29.12126 2743.000 2770.879
29.12247 2744.000 2771.273
29.12368 2745.000 2771.666
29.12489 2746.000 2772.060
29.12609 2747.000 2772.450
29.12730 2748.000 2772.844
29.12851 2749.000 2773.237
29.12972 2750.000 2773.631
29.13093 2751.000 2774.025
29.13213 2752.000 2774.416
29.13334 2753.000 2774.810
29.13455 2754.000 2775.205
29.13576 2755.000 2775.599
29.13697 2756.000 2775.994
29.13817 2757.000 2776.385
29.13938 2758.000 2776.780
29.25656 2759.000 2814.817
29.25777 2760.000 2815.210
29.25897 2761.000 2815.600
29.26018 2762.000 2815.993
29.26139 2763.000 2816.386
29.26260 2764.000 2816.779
29.26381 2765.000 2817.173
29.26501 2766.000 2817.563
29.26622 2767.000 2817.957
29.26743 2768.000 2818.350
29.26864 2769.000 2818.744
29.26985 2770.000 2819.138
29.27105 2771.000 2819.529
29.27226 2772.000 2819.923
29.27347 2773.000 2820.317
29.27468 2774.000 2820.712
29.27589 2775.000 2821.106
29.27709 2776.000 2821.495
29.27830 2777.000 2821.888
29.27951 2778.000 2822.281
29.28072 2779.000 2822.674
29.28193 2780.000 2823.066
29.28313 2781.000 2823.456
29.28434 2782.000 2823.849
29.28555 2783.000 2824.243
29.28676 2784.000 2824.636
29.28797 2785.000 2825.029
29.28917 2786.000 2825.420
29.29038 2787.000 2825.813
29.29159 2788.000 2826.207
29.29280 2789.000 2826.601
29.29401 2790.000 2826.995
29.29521 2791.000 2827.386
29.29642 2792.000 2827.780
29.29763 2793.000 2828.174
29.29884 2794.000 2828.568
29.30005 2795.000 2828.963
29.30125 2796.000 2829.354
29.30246 2797.000 2829.749
29.30367 2798.000 2830.144
29.30488 2799.000 2830.539
29.30609 2800.000 2830.934
29.30729 2801.000 2831.325
29.30850 2802.000 2831.721
29.30971 2803.000 2832.116
29.31092 2804.000 2832.511
29.31213 2805.000 2832.907
29.31333 2806.000 2833.299
29.31454 2807.000 2833.695
29.31575 2808.000 2834.091
29.31696 2809.000 2834.487
29.31817 2810.000 2834.883
29.31937 2811.000 2835.276
29.32058 2812.000 2835.672
29.32179 2813.000 2836.068
29.32300 2814.000 2836.465
29.32421 2815.000 2836.861
29.32541 2816.000 2837.255
29.32662 2817.000 2837.652
29.32783 2818.000 2838.048
29.44621 2819.000 2876.480
29.44742 2820.000 2876.873
29.44863 2821.000 2877.266
29.44984 2822.000 2877.659
29.45105 2823.000 2878.052
29.45225 2824.000 2878.442
29.45346 2825.000 2878.835
29.45467 2826.000 2879.229
29.45588 2827.000 2879.623
29.45709 2828.000 2880.016
29.45829 2829.000 2880.407
29.45950 2830.000 2880.801
29.46071 2831.000 2881.195
29.46192 2832.000 2881.589
29.46313 2833.000 2881.983
29.46433 2834.000 2882.374
29.46554 2835.000 2882.769
29.46675 2836.000 2883.163
29.46796 2837.000 2883.558
29.46917 2838.000 2883.951
29.47037 2839.000 2884.009
29.47158 2840.000 2884.068
29.47279 2841.000 2884.127
29.47400 2842.000 2884.186
29.47521 2843.000 2884.245
29.47641 2844.000 2884.303
29.47762 2845.000 2884.362
29.47883 2846.000 2884.421
29.48004 2847.000 2884.480
29.48125 2848.000 2884.539
29.48245 2849.000 2884.597
29.48366 2850.000 2884.656
29.48487 2851.000 2884.715
29.48608 2852.000 2884.774
29.48729 2853.000 2884.833
29.48849 2854.000 2884.891
29.48970 2855.000 2884.950
29.49091 2856.000 2885.009
29.49212 2857.000 2885.068
29.49333 2858.000 2885.127
29.49453 2859.000 2885.186
29.49574 2860.000 2885.245
29.49695 2861.000 2885.304
29.49816 2862.000 2885.363
29.49937 2863.000 2885.422
29.50057 2864.000 2885.480
29.50178 2865.000 2885.540
29.50299 2866.000 2885.599
29.50420 2867.000 2885.658
29.50541 2868.000 2885.717
29.50661 2869.000 2885.775
29.50782 2870.000 2885.834
29.50903 2871.000 2885.894
29.51024 2872.000 2885.953
29.51145 2873.000 2886.012
29.51265 2874.000 2886.070
29.51386 2875.000 2886.130
29.51507 2876.000 2886.189
29.51628 2877.000 2886.248
29.51749 2878.000 2886.307
29.51869 2879.000 2886.366
29.63829 2880.000 2892.185
29.63949 2881.000 2892.244
29.64070 2882.000 2892.303
29.64191 2883.000 2892.362
29.64312 2884.000 2892.421
29.64433 2885.000 2892.479
29.64553 2886.000 2892.538
29.64674 2887.000 2892.597
29.64795 2888.000 2892.656
29.64916 2889.000 2892.715
29.65037 2890.000 2892.774
29.65157 2891.000 2892.832
29.65278 2892.000 2892.891
29.65399 2893.000 2892.950
29.65520 2894.000 2893.009
29.65641 2895.000 2893.068
29.65761 2896.000 2893.127
29.65882 2897.000 2893.186
29.66003 2898.000 2893.245
29.66124 2899.000 2893.304
29.66487 2902.000 2894.494
29.85693 2963.000 2925.995
29.85814 2964.000 2926.240
29.85935 2965.000 2926.485
29.86056 2966.000 2926.730
29.86177 2967.000 2926.975
29.86297 2968.000 2927.218
29.86418 2969.000 2927.464
29.86539 2970.000 2927.710
29.86660 2971.000 2927.956
29.96363 2972.000 2951.138
29.96484 2973.000 2951.427
29.96605 2974.000 2951.717
29.96725 2975.000 2952.004
29.96846 2976.000 2952.294
29.96967 2977.000 2952.585
29.97088 2978.000 2952.876
29.97209 2979.000 2953.167
29.97329 2980.000 2953.456
29.97450 2981.000 2953.747
29.97571 2982.000 2954.039
29.97692 2983.000 2954.332
29.97813 2984.000 2954.624
29.97933 2985.000 2954.914
29.98054 2986.000 2955.207
29.98175 2987.000 2955.501
29.98296 2988.000 2955.794
29.98417 2989.000 2956.088
29.98537 2990.000 2956.380
29.98658 2991.000 2956.675
29.98779 2992.000 2956.969
29.98900 2993.000 2957.264
29.99021 2994.000 2957.560
29.99141 2995.000 2957.853
29.99262 2996.000 2958.149
29.99383 2997.000 2958.445
29.99504 2998.000 2958.741
29.99625 2999.000 2959.038
29.99745 3000.000 2959.333
29.99866 3001.000 2959.630
29.99987 3002.000 2959.927
30.09690 3003.000 2983.811
30.09810 3004.000 2984.106
30.09931 3005.000 2984.405
30.10052 3006.000 2984.703
30.10173 3007.000 2985.002
30.10294 3008.000 2985.302
30.10414 3009.000 2985.599
30.10535 3010.000 2985.898
30.10656 3011.000 2986.196
30.10777 3012.000 2986.494
30.10898 3013.000 2986.793
30.11018 3014.000 2987.089
30.11139 3015.000 2987.388
30.11260 3016.000 2987.687
30.11381 3017.000 2987.986
30.11502 3018.000 2988.286
30.11622 3019.000 2988.583
30.11743 3020.000 2988.884
30.11864 3021.000 2989.184
30.11985 3022.000 2989.485
30.12106 3023.000 2989.786
30.12226 3024.000 2990.085
30.12347 3025.000 2990.387
30.12468 3026.000 2990.689
30.12589 3027.000 2990.991
30.12710 3028.000 2991.293
30.12830 3029.000 2991.593
30.12951 3030.000 2991.896
30.13072 3031.000 2992.199
30.13193 3032.000 2992.503
30.13314 3033.000 2992.807
30.13434 3034.000 2993.108
30.33434 3034.000 3043.408
